Nan Nan 
1.100000 39343.000000 
1.300000 46205.000000 
1.500000 37731.000000 
2.000000 43525.000000 
2.200000 39891.000000 
2.900000 56642.000000 
3.000000 60150.000000 
3.200000 54445.000000 
3.200000 64445.000000 
3.700000 57189.000000 
3.900000 63218.000000 
4.000000 55794.000000 
4.000000 56957.000000 
4.100000 57081.000000 
4.500000 61111.000000 
4.900000 67938.000000 
5.100000 66029.000000 
5.300000 83088.000000 
5.900000 81363.000000 
6.000000 93940.000000 
6.800000 91738.000000 
7.100000 98273.000000 
7.900000 101302.000000 
8.200000 113812.000000 
8.700000 109431.000000 
9.000000 105582.000000 
9.500000 116969.000000 
9.600000 112635.000000 
10.300000 122391.000000 
10.500000 121872.000000 
